Recorded latencies [in usec] for processing Baseline processing no app calculations:
       Value     Percentile TotalCount 1/(1-Percentile)

       0.000 0.000000000000  284826030           1.00
       0.000 0.100000000000  284826030           1.11
       0.000 0.200000000000  284826030           1.25
       0.000 0.300000000000  284826030           1.43
       0.000 0.400000000000  284826030           1.67
       0.000 0.500000000000  284826030           2.00
       0.000 0.550000000000  284826030           2.22
       0.000 0.600000000000  284826030           2.50
       0.000 0.650000000000  284826030           2.86
       0.000 0.700000000000  284826030           3.33
       0.000 0.750000000000  284826030           4.00
       0.000 0.775000000000  284826030           4.44
       0.000 0.800000000000  284826030           5.00
       0.000 0.825000000000  284826030           5.71
       0.000 0.850000000000  284826030           6.67
       0.000 0.875000000000  284826030           8.00
       0.000 0.887500000000  284826030           8.89
       0.041 0.900000000000  296338989          10.00
       0.041 0.912500000000  296338989          11.43
       0.041 0.925000000000  296338989          13.33
       0.042 0.937500000000  319365445          16.00
       0.042 0.943750000000  319365445          17.78
       0.042 0.950000000000  319365445          20.00
       0.042 0.956250000000  319365445          22.86
       0.042 0.962500000000  319365445          26.67
       0.042 0.968750000000  319365445          32.00
       0.042 0.971875000000  319365445          35.56
       0.042 0.975000000000  319365445          40.00
       0.042 0.978125000000  319365445          45.71
       0.042 0.981250000000  319365445          53.33
       0.042 0.984375000000  319365445          64.00
       0.042 0.985937500000  319365445          71.11
       0.042 0.987500000000  319365445          80.00
       0.042 0.989062500000  319365445          91.43
       0.042 0.990625000000  319365445         106.67
       0.042 0.992187500000  319365445         128.00
       0.042 0.992968750000  319365445         142.22
       0.042 0.993750000000  319365445         160.00
       0.042 0.994531250000  319365445         182.86
       0.042 0.995312500000  319365445         213.33
       0.042 0.996093750000  319365445         256.00
       0.042 0.996484375000  319365445         284.44
       0.042 0.996875000000  319365445         320.00
       0.042 0.997265625000  319365445         365.71
       0.042 0.997656250000  319365445         426.67
       0.042 0.998046875000  319365445         512.00
       0.042 0.998242187500  319365445         568.89
       0.042 0.998437500000  319365445         640.00
       0.042 0.998632812500  319365445         731.43
       0.042 0.998828125000  319365445         853.33
       0.042 0.999023437500  319365445        1024.00
       0.042 0.999121093750  319365445        1137.78
       0.083 0.999218750000  319470488        1280.00
       0.083 0.999316406250  319470488        1462.86
       0.083 0.999414062500  319470488        1706.67
       0.084 0.999511718750  319522727        2048.00
       0.084 0.999560546875  319522727        2275.56
       0.084 0.999609375000  319522727        2560.00
       0.084 0.999658203125  319522727        2925.71
       0.125 0.999707031250  319605194        3413.33
       0.125 0.999755859375  319605194        4096.00
       0.125 0.999780273438  319605194        4551.11
       0.125 0.999804687500  319605194        5120.00
       0.125 0.999829101563  319605194        5851.43
       0.125 0.999853515625  319605194        6826.67
       0.125 0.999877929688  319605194        8192.00
       0.125 0.999890136719  319605194        9102.22
       0.125 0.999902343750  319605194       10240.00
       0.125 0.999914550781  319605194       11702.86
       0.125 0.999926757813  319605194       13653.33
       0.166 0.999938964844  319609428       16384.00
       0.167 0.999945068359  319617850       18204.44
       0.167 0.999951171875  319617850       20480.00
       0.167 0.999957275391  319617850       23405.71
       0.167 0.999963378906  319617850       27306.67
       0.167 0.999969482422  319617850       32768.00
       0.375 0.999972534180  319618918       36408.89
       0.417 0.999975585938  319619306       40960.00
       0.500 0.999978637695  319620434       46811.43
       0.542 0.999981689453  319621400       54613.33
       0.625 0.999984741211  319622475       65536.00
       0.667 0.999986267090  319622781       72817.78
       0.750 0.999987792969  319623241       81920.00
       0.833 0.999989318848  319623696       93622.86
       1.000 0.999990844727  319624230      109226.67
       1.500 0.999992370605  319624677      131072.00
       3.293 0.999993133545  319624917      145635.56
       4.211 0.999993896484  319625160      163840.00
       5.003 0.999994659424  319625408      187245.71
       5.751 0.999995422363  319625652      218453.33
       6.751 0.999996185303  319625905      262144.00
       7.251 0.999996566772  319626023      291271.11
       7.875 0.999996948242  319626140      327680.00
       8.375 0.999997329712  319626267      374491.43
       8.631 0.999997711182  319626379      436906.67
       9.087 0.999998092651  319626500      524288.00
       9.463 0.999998283386  319626562      582542.22
      10.007 0.999998474121  319626623      655360.00
      10.879 0.999998664856  319626684      748982.86
      12.007 0.999998855591  319626744      873813.33
      13.959 0.999999046326  319626808     1048576.00
      14.839 0.999999141693  319626837     1165084.44
      16.463 0.999999237061  319626867     1310720.00
      17.551 0.999999332428  319626896     1497965.71
      18.847 0.999999427795  319626929     1747626.67
      19.967 0.999999523163  319626957     2097152.00
      20.639 0.999999570847  319626972     2330168.89
      21.471 0.999999618530  319626988     2621440.00
      22.255 0.999999666214  319627003     2995931.43
      23.375 0.999999713898  319627018     3495253.33
      26.223 0.999999761581  319627033     4194304.00
      26.847 0.999999785423  319627042     4660337.78
      28.175 0.999999809265  319627049     5242880.00
      30.431 0.999999833107  319627056     5991862.86
      31.759 0.999999856949  319627065     6990506.67
      33.727 0.999999880791  319627071     8388608.00
      34.271 0.999999892712  319627075     9320675.55
      37.343 0.999999904633  319627079    10485760.00
      39.647 0.999999916553  319627083    11983725.71
      41.919 0.999999928474  319627087    13981013.34
      44.095 0.999999940395  319627090    16777216.00
      44.447 0.999999946356  319627092    18641351.10
      44.639 0.999999952316  319627095    20971519.98
      44.959 0.999999958277  319627096    23967451.45
      47.263 0.999999964237  319627098    27962026.68
      49.311 0.999999970198  319627100    33554432.00
      49.439 0.999999973178  319627101    37282702.28
      49.567 0.999999976158  319627102    41943039.96
      49.759 0.999999979138  319627103    47934902.91
      51.167 0.999999982119  319627104    55924053.19
      58.847 0.999999985099  319627105    67108864.00
      58.847 0.999999986589  319627105    74565404.57
      60.447 0.999999988079  319627106    83886080.31
      60.447 0.999999989569  319627106    95869805.31
      81.599 0.999999991059  319627107   111848106.39
      81.599 0.999999992549  319627107   134217728.00
      81.599 0.999999993294  319627107   149130807.90
     108.095 0.999999994040  319627108   167772160.63
     108.095 0.999999994785  319627108   191739610.61
     108.095 0.999999995530  319627108   223696215.56
     108.095 0.999999996275  319627108   268435456.00
     108.095 0.999999996647  319627108   298261615.80
     145.791 0.999999997020  319627109   335544315.00
     145.791 1.000000000000  319627109
#[Mean    =        0.005, StdDeviation   =        0.035]
#[Max     =      145.791, Total count    =    319627109]
#[Buckets =           32, SubBuckets     =         2048]
