Recorded latencies [in usec] for processing PriceLadders with PriceLadderProcessorNoBranching:
       Value     Percentile TotalCount 1/(1-Percentile)

       0.000 0.000000000000   26695378           1.00
       0.000 0.100000000000   26695378           1.11
       0.041 0.200000000000   63348910           1.25
       0.041 0.300000000000   63348910           1.43
       0.042 0.400000000000  136651550           1.67
       0.042 0.500000000000  136651550           2.00
       0.042 0.550000000000  136651550           2.22
       0.042 0.600000000000  136651550           2.50
       0.042 0.650000000000  136651550           2.86
       0.042 0.700000000000  136651550           3.33
       0.042 0.750000000000  136651550           4.00
       0.083 0.775000000000  166243207           4.44
       0.083 0.800000000000  166243207           5.00
       0.083 0.825000000000  166243207           5.71
       0.083 0.850000000000  166243207           6.67
       0.083 0.875000000000  166243207           8.00
       0.083 0.887500000000  166243207           8.89
       0.083 0.900000000000  166243207          10.00
       0.083 0.912500000000  166243207          11.43
       0.084 0.925000000000  181042545          13.33
       0.084 0.937500000000  181042545          16.00
       0.084 0.943750000000  181042545          17.78
       0.084 0.950000000000  181042545          20.00
       0.084 0.956250000000  181042545          22.86
       0.084 0.962500000000  181042545          26.67
       0.084 0.968750000000  181042545          32.00
       0.084 0.971875000000  181042545          35.56
       0.084 0.975000000000  181042545          40.00
       0.084 0.978125000000  181042545          45.71
       0.084 0.981250000000  181042545          53.33
       0.084 0.984375000000  181042545          64.00
       0.084 0.985937500000  181042545          71.11
       0.084 0.987500000000  181042545          80.00
       0.084 0.989062500000  181042545          91.43
       0.084 0.990625000000  181042545         106.67
       0.084 0.992187500000  181042545         128.00
       0.084 0.992968750000  181042545         142.22
       0.084 0.993750000000  181042545         160.00
       0.084 0.994531250000  181042545         182.86
       0.084 0.995312500000  181042545         213.33
       0.084 0.996093750000  181042545         256.00
       0.084 0.996484375000  181042545         284.44
       0.084 0.996875000000  181042545         320.00
       0.084 0.997265625000  181042545         365.71
       0.084 0.997656250000  181042545         426.67
       0.125 0.998046875000  181258369         512.00
       0.125 0.998242187500  181258369         568.89
       0.125 0.998437500000  181258369         640.00
       0.125 0.998632812500  181258369         731.43
       0.125 0.998828125000  181258369         853.33
       0.125 0.999023437500  181258369        1024.00
       0.125 0.999121093750  181258369        1137.78
       0.166 0.999218750000  181281554        1280.00
       0.167 0.999316406250  181327975        1462.86
       0.167 0.999414062500  181327975        1706.67
       0.167 0.999511718750  181327975        2048.00
       0.208 0.999560546875  181334722        2275.56
       0.333 0.999609375000  181342801        2560.00
       0.375 0.999658203125  181359210        2925.71
       0.375 0.999707031250  181359210        3413.33
       0.417 0.999755859375  181379867        4096.00
       0.417 0.999780273438  181379867        4551.11
       0.417 0.999804687500  181379867        5120.00
       0.458 0.999829101563  181383730        5851.43
       0.459 0.999853515625  181385613        6826.67
       0.542 0.999877929688  181390686        8192.00
       0.584 0.999890136719  181392700        9102.22
       0.625 0.999902343750  181394336       10240.00
       0.750 0.999914550781  181397056       11702.86
       0.875 0.999926757813  181399135       13653.33
       1.042 0.999938964844  181400950       16384.00
       1.250 0.999945068359  181402195       18204.44
       1.625 0.999951171875  181403216       20480.00
       2.583 0.999957275391  181404277       23405.71
       3.709 0.999963378906  181405441       27306.67
       4.419 0.999969482422  181406510       32768.00
       4.919 0.999972534180  181407037       36408.89
       5.503 0.999975585938  181407604       40960.00
       6.167 0.999978637695  181408134       46811.43
       6.919 0.999981689453  181408694       54613.33
       7.791 0.999984741211  181409241       65536.00
       8.375 0.999986267090  181409525       72817.78
       8.879 0.999987792969  181409819       81920.00
       9.255 0.999989318848  181410080       93622.86
       9.839 0.999990844727  181410354      109226.67
      11.047 0.999992370605  181410627      131072.00
      11.839 0.999993133545  181410765      145635.56
      12.879 0.999993896484  181410906      163840.00
      14.255 0.999994659424  181411039      187245.71
      15.751 0.999995422363  181411177      218453.33
      17.215 0.999996185303  181411315      262144.00
      17.887 0.999996566772  181411385      291271.11
      18.879 0.999996948242  181411455      327680.00
      19.583 0.999997329712  181411525      374491.43
      20.431 0.999997711182  181411592      436906.67
      21.759 0.999998092651  181411661      524288.00
      22.335 0.999998283386  181411696      582542.22
      23.007 0.999998474121  181411731      655360.00
      24.511 0.999998664856  181411766      748982.86
      26.047 0.999998855591  181411800      873813.33
      27.759 0.999999046326  181411834     1048576.00
      28.463 0.999999141693  181411852     1165084.44
      29.839 0.999999237061  181411870     1310720.00
      31.471 0.999999332428  181411886     1497965.71
      33.855 0.999999427795  181411904     1747626.67
      35.551 0.999999523163  181411921     2097152.00
      37.183 0.999999570847  181411930     2330168.89
      38.975 0.999999618530  181411938     2621440.00
      40.031 0.999999666214  181411947     2995931.43
      41.695 0.999999713898  181411956     3495253.33
      43.711 0.999999761581  181411964     4194304.00
      46.239 0.999999785423  181411969     4660337.78
      46.943 0.999999809265  181411973     5242880.00
      48.063 0.999999833107  181411977     5991862.86
      48.799 0.999999856949  181411982     6990506.67
      51.103 0.999999880791  181411986     8388608.00
      53.439 0.999999892712  181411988     9320675.55
      58.111 0.999999904633  181411990    10485760.00
      59.103 0.999999916553  181411992    11983725.71
      61.983 0.999999928474  181411995    13981013.34
      66.431 0.999999940395  181411997    16777216.00
      75.519 0.999999946356  181411998    18641351.10
      84.479 0.999999952316  181411999    20971519.98
      91.391 0.999999958277  181412000    23967451.45
      98.879 0.999999964237  181412001    27962026.68
     118.399 0.999999970198  181412002    33554432.00
     120.447 0.999999973178  181412003    37282702.28
     120.447 0.999999976158  181412003    41943039.96
     178.687 0.999999979138  181412004    47934902.91
     178.687 0.999999982119  181412004    55924053.19
     209.151 0.999999985099  181412005    67108864.00
     209.151 0.999999986589  181412005    74565404.57
     209.151 0.999999988079  181412005    83886080.31
     248.703 0.999999989569  181412006    95869805.31
     248.703 0.999999991059  181412006   111848106.39
     248.703 0.999999992549  181412006   134217728.00
     248.703 0.999999993294  181412006   149130807.90
     248.703 0.999999994040  181412006   167772160.63
     392.703 0.999999994785  181412007   191739610.61
     392.703 1.000000000000  181412007
#[Mean    =        0.046, StdDeviation   =        0.086]
#[Max     =      392.703, Total count    =    181412007]
#[Buckets =           32, SubBuckets     =         2048]
